function bits = fill_uclock_program_store()
  bits = [ ...
    0, 188416, 188417, 188418, 188419, 188420, 188421, 188422, 188423, 188424, 188425, 188426, 188427, 188428, 196772, 3328, ...
    3072, 245761, 196885, 196803, 288, 196753, 81933, 217106, 82004, 217118, 81985, 217143, 196845, 217106, 196753, 81993, ...
    218140, 196753, 81997, 218140, 196753, 81989, 218140, 196753, 81933, 218156, 196776, 213010, 81952, 218140, 196717, 219154, ...
    189958, 189703, 189448, 188420, 188421, 196776, 213010, 196753, 81996, 218140, 196753, 81985, 218140, 196753, 82002, 218140, ...
    196753, 81997, 218140, 196753, 81933, 218184, 196780, 213010, 81952, 218140, 196753, 81999, 217173, 114945, 196717, 219154, ...
    189961, 189706, 189451, 196780, 213010, 196753, 81998, 218208, 196753, 81933, 218140, 24588, 49154, 188428, 196780, 213010, ...
    81990, 218140, 196753, 81990, 218140, 196753, 81933, 218140, 0, 188428, 196772, 196780, 213010, 197100, 219275, 5664, ...
    98561, 196753, 81978, 218251, 197100, 219275, 5408, 98561, 196753, 81978, 218251, 197100, 219275, 5152, 98561, 196753, ...
    81933, 218251, 83480, 220299, 83260, 220299, 83004, 220299, 0, 131086, 172032, 196901, 196839, 196916, 1, 131086, ...
    172032, 28688, 197090, 98561, 172032, 16384, 73744, 218266, 196997, 213141, 20225, 196765, 172032, 16384, 73730, 217250, ...
    196997, 213149, 184065, 172032, 24588, 40961, 180224, 172032, 3590, 196960, 196796, 172032, 3593, 196960, 196796, 196925, ...
    196839, 24588, 73729, 217270, 196947, 172032, 73730, 217274, 196942, 172032, 196936, 172032, 288, 32528, 196765, 85773, ...
    176128, 98561, 213181, 288, 4624, 98832, 16384, 73736, 218331, 196757, 196368, 85773, 176128, 85768, 217299, 98561, ...
    86304, 218310, 196842, 114945, 82208, 219353, 196839, 196842, 213190, 196898, 213187, 196836, 192288, 196858, 196836, 16384, ...
    73744, 176128, 20225, 213215, 3853, 196765, 172032, 3872, 196765, 172032, 3848, 196765, 172032, 3923, 196765, 3961, ...
    196765, 3950, 196765, 3956, 196765, 3937, 196765, 3960, 196765, 213258, 3919, 196765, 3958, 196765, 3941, 196765, ...
    3954, 196765, 3942, 196765, 3948, 196765, 3951, 196765, 3959, 196765, 196839, 3909, 196765, 3954, 196765, 196765, ...
    3951, 196765, 3954, 196765, 172032, 196836, 3915, 196765, 3907, 196765, 3920, 196765, 3923, 196765, 3917, 196765, ...
    3891, 196765, 3902, 196765, 172032, 3913, 196765, 3950, 196765, 3958, 196765, 3937, 196765, 3948, 196765, 3945, ...
    196765, 3940, 196765, 172032, 3924, 196765, 3945, 196765, 3949, 196765, 3941, 196765, 172032, 3905, 196765, 3948, ...
    196765, 3937, 196765, 3954, 196765, 3949, 196765, 172032, 3919, 196765, 3910, 196765, 196765, 172032, 3919, 196765, ...
    3918, 196765, 172032, 3905, 196765, 3939, 196765, 3956, 196765, 3945, 196765, 3958, 196765, 3941, 196765, 172032, ...
    544, 28896, 196990, 192800, 98817, 192544, 98817, 58, 192544, 98817, 101889, 28896, 196990, 192800, 98817, 192544, ...
    98817, 58, 192544, 98817, 101889, 28896, 196990, 192800, 98817, 192544, 98817, 13, 192544, 172032, 304, 98561, ...
    114698, 220543, 114945, 98362, 172032, 188432, 188689, 188946, 189203, 189460, 189717, 25088, 25345, 245760, 191744, 191489, ...
    245761, 25600, 25857, 119840, 128304, 25090, 25347, 102976, 111440, 0, 115432, 123651, 219551, 98305, 213402, 99048, ...
    107267, 188930, 189187, 25092, 25349, 102912, 107264, 0, 115432, 123651, 219565, 98305, 213423, 99048, 107267, 188932, ...
    189189, 24840, 102656, 82236, 217527, 188680, 213449, 256, 188680, 24839, 98561, 82236, 217535, 188679, 213449, 256, ...
    188679, 24838, 98561, 82200, 217543, 188678, 213449, 256, 188678, 24582, 24841, 86032, 218587, 24583, 24842, 86032, ...
    218587, 24584, 24843, 86032, 218587, 24588, 73730, 217563, 49153, 188428, 196772, 24592, 24849, 25106, 25363, 25620, ...
    25877, 172032, 82017, 178176, 82043, 179200, 41183, 172032, 98502, 178176, 114934, 172032, 28688, 197096, 178176, 4608, ...
    131590, 131590, 102912, 131590, 98561, 28688, 197096, 178176, 102912, 172032, 0, 0, 0, 0, 0, 0, ...
    0, 0, 0, 0, 0, 0, 0, 0, 0, 0, 0, 0, 0, 0, 0, 0, ...
    0, 0, 0, 0, 0, 0, 0, 0, 0, 0, 0, 0, 0, 0, 0, 0, ...
    0, 0, 0, 0, 0, 0, 0, 0, 0, 0, 0, 0, 0, 0, 0, 0, ...
    0, 0, 0, 0, 0, 0, 0, 0, 0, 0, 0, 0, 0, 0, 0, 0, ...
    0, 0, 0, 0, 0, 0, 0, 0, 0, 0, 0, 0, 0, 0, 0, 0, ...
    0, 0, 0, 0, 0, 0, 0, 0, 0, 0, 0, 0, 0, 0, 0, 0, ...
    0, 0, 0, 0, 0, 0, 0, 0, 0, 0, 0, 0, 0, 0, 0, 0, ...
    0, 0, 0, 0, 0, 0, 0, 0, 0, 0, 0, 0, 0, 0, 0, 0, ...
    0, 0, 0, 0, 0, 0, 0, 0, 0, 0, 0, 0, 0, 0, 0, 0, ...
    0, 0, 0, 0, 0, 0, 0, 0, 0, 0, 0, 0, 0, 0, 0, 0, ...
    0, 0, 0, 0, 0, 0, 0, 0, 0, 0, 0, 0, 0, 0, 0, 0, ...
    0, 0, 0, 0, 0, 0, 0, 0, 0, 0, 0, 0, 0, 0, 0, 0, ...
    0, 0, 0, 0, 0, 0, 0, 0, 0, 0, 0, 0, 0, 0, 0, 0, ...
    0, 0, 0, 0, 0, 0, 0, 0, 0, 0, 0, 0, 0, 0, 0, 0, ...
    0, 0, 0, 0, 0, 0, 0, 0, 0, 0, 0, 0, 0, 0, 0, 0, ...
    0, 0, 0, 0, 0, 0, 0, 0, 0, 0, 0, 0, 0, 0, 0, 0, ...
    0, 0, 0, 0, 0, 0, 0, 0, 0, 0, 0, 0, 0, 0, 0, 0, ...
    0, 0, 0, 0, 0, 0, 0, 0, 0, 0, 0, 0, 0, 0, 0, 0, ...
    0, 0, 0, 0, 0, 0, 0, 0, 0, 0, 0, 0, 0, 0, 0, 0, ...
    0, 0, 0, 0, 0, 0, 0, 0, 0, 0, 0, 0, 0, 0, 0, 0, ...
    0, 0, 0, 0, 0, 0, 0, 0, 0, 0, 0, 0, 0, 0, 0, 0, ...
    0, 0, 0, 0, 0, 0, 0, 0, 0, 0, 0, 0, 0, 0, 0, 0, ...
    0, 0, 0, 0, 0, 0, 0, 0, 0, 0, 0, 0, 0, 0, 0, 0, ...
    0, 0, 0, 0, 0, 0, 0, 0, 0, 0, 0, 0, 0, 0, 0, 0, ...
    0, 0, 0, 0, 0, 0, 0, 0, 0, 0, 0, 0, 0, 0, 0, 0, ...
    0, 0, 0, 0, 0, 0, 0, 0, 0, 0, 0, 0, 0, 0, 0, 0, ...
    0, 0, 0, 0, 0, 0, 0, 0, 0, 0, 0, 0, 0, 0, 0, 0, ...
    0, 0, 0, 0, 0, 0, 0, 0, 0, 0, 0, 0, 0, 0, 0, 0, ...
    0, 0, 0, 0, 0, 0, 0, 0, 0, 0, 0, 0, 0, 0, 0, 0, ...
    0, 0, 0, 0, 0, 0, 0, 0, 0, 0, 0, 0, 0, 0, 0, 0, ...
    0, 0, 0, 0, 0, 0, 0, 0, 0, 0, 0, 0, 0, 0, 0, 0, ...
    0, 0, 0, 0, 0, 0, 0, 0, 0, 0, 0, 0, 101633, 109568, 229377, 214012, ...
  ];

  return;
